100000	200
90000	90001
89750	89751
10001	10002
89500	89501
10252	10254
89250	89251
10503	10506
89000	89001
10754	10758
88750	88751
11005	11010
88500	88501
11256	11262
88250	88251
11507	11514
88000	88001
11758	11766
87750	87751
12009	12018
87500	87501
12260	12270
87250	87251
12511	12522
87000	87001
12762	12774
86750	86751
13013	13026
86500	86501
13264	13278
86250	86251
13515	13530
86000	86001
13766	13782
85750	85751
14017	14034
85500	85501
14268	14286
85250	85251
14519	14538
85000	85001
14770	14790
84750	84751
15021	15042
84500	84501
15272	15294
84250	84251
15523	15546
84000	84001
15774	15798
83750	83751
16025	16050
83500	83501
16276	16302
83250	83251
16527	16554
83000	83001
16778	16806
82750	82751
17029	17058
82500	82501
17280	17310
82250	82251
17531	17562
82000	82001
17782	17814
81750	81751
18033	18066
81500	81501
18284	18318
81250	81251
18535	18570
81000	81001
18786	18822
80750	80751
19037	19074
80500	80501
19288	19326
80250	80251
19539	19578
80000	80001
19790	19830
79750	79751
20041	20082
79500	79501
20292	20334
79250	79251
20543	20586
79000	79001
20794	20838
78750	78751
21045	21090
78500	78501
21296	21342
78250	78251
21547	21594
78000	78001
21798	21846
77750	77751
22049	22098
77500	77501
22300	22350
77250	77251
22551	22602
77000	77001
22802	22854
76750	76751
23053	23106
76500	76501
23304	23358
76250	76251
23555	23610
76000	76001
23806	23862
75750	75751
24057	24114
75500	75501
24308	24366
75250	75251
24559	24618
75000	75001
24810	24870
74750	74751
25061	25122
74500	74501
25312	25374
74250	74251
25563	25626
74000	74001
25814	25878
73750	73751
26065	26130
73500	73501
26316	26382
73250	73251
26567	26634
73000	73001
26818	26886
72750	72751
27069	27138
72500	72501
27320	27390
72250	72251
27571	27642
72000	72001
27822	27894
71750	71751
28073	28146
71500	71501
28324	28398
71250	71251
28575	28650
71000	71001
28826	28902
70750	70751
29077	29154
70500	70501
29328	29406
70250	70251
29579	29658
70000	70001
29830	29910
69750	69751
30081	30162
69500	69501
30332	30414
69250	69251
30583	30666
69000	69001
30834	30918
68750	68751
31085	31170
68500	68501
31336	31422
68250	68251
31587	31674
68000	68001
31838	31926
67750	67751
32089	32178
67500	67501
32340	32430
67250	67251
32591	32682
67000	67001
32842	32934
66750	66751
33093	33186
66500	66501
33344	33438
66250	66251
33595	33690
66000	66001
33846	33942
65750	65751
34097	34194
65500	65501
34348	34446
65250	65251
34599	34698
68450	68451
