9486367	400
76620	31860
28868	11884
25484	10492
2502	901
104660	43580
21908	9004
16500	6700
71980	29940
18268	7484
14564	5932
19300	7900
16028	6564
16092	6596
19844	8172
13148	5324
20572	8436
17964	7332
17044	6972
18636	7668
15948	6524
15388	6244
1970	635
13292	5396
32892	13596
122676	51188
33068	13684
20892	8596
375380	156840
19300	7900
15820	6460
34164	14132
12260	4980
12932	5216
15452	6276
2102	701
7868	3084
16948	6924
13500	5500
7996	3148
114788	47844
542788	226844
61996	25748
17124	7012
8580	3440
37660	15580
1128	314
7204	2852
37500	15500
22796	9348
42836	17768
39692	16396
39980	16540
944948	395124
24692	10196
16204	6652
11996	4848
178244	74372
11212	4556
12100	4900
8716	3508
9540	3820
13420	5460
40028	16564
9692	3896
9564	3832
21924	9012
10956	4428
138492	57796
29204	12052
17204	7052
205628	85864
12436	5068
25468	10484
11132	4516
9140	3620
43604	18052
542	21
38108	15804
45940	19020
408788	170844
9364	3732
7340	2920
10340	4120
16756	6828
63204	26252
28252	11676
47932	19916
156876	65488
17644	7172
9444	3772
318036	132868
20364	8332
13116	5308
9460	3780
12916	5208
136076	56788
17644	7172
19236	7868
75524	31412
22604	9252
29652	12276
9324	3712
11132	4516
253452	105876
48468	20084
27884	11492
117684	49092
199804	83452
171044	71372
159644	66572
60836	25268
154084	64292
51156	21228
40524	16812
46420	19260
18980	7740
13964	5632
8212	3256
37660	15580
11948	4824
143100	59700
35100	14500
17716	7208
14756	6028
181332	75716
53828	22364
18572	7636
15788	6444
12884	5192
18076	7388
79612	33156
7564	3032
16156	6628
17172	7036
8100	3200
17900	7300
11004	4452
63428	26364
33972	14036
40964	16932
14276	5788
168852	70476
11204	4552
81660	33980
46500	19300
95156	39628
11068	4484
131988	55044
1848	574
71188	29644
23020	9460
254468	106284
1108	304
8860	3580
15516	6308
25484	10492
31140	12820
34972	14436
12388	5044
3210	1155
30236	12468
10860	4380
24052	9876
21404	8752
21052	8676
102796	42848
54988	22844
15388	6244
1128	314
1128	314
1128	314
1128	314
1128	314
1128	314
926660	387480
1128	314
1128	314
1128	314
1128	314
1128	314
38692	15996
20444	8372
156876	65488
1108	304
11812	4756
12324	5012
1108	304
1128	314
1128	314
1128	314
1128	314
1128	314
1128	314
1128	314
1108	304
3316	1208
114556	47728
1128	314
1128	314
1128	314
1128	314
1128	314
1128	314
249172	104036
12996	5248
1124	312
58836	24468
18932	7716
72460	30180
11948	4824
3140	1120
27892	11496
12132	4916
34956	14428
59996	24948
98700	41100
69084	28692
2352	826
7846	3073
18868	7684
13708	5604
41476	17188
83756	34828
18380	7540
19508	8004
6796	2648
12748	5124
7892	3096
398532	166516
33212	13756
24260	9980
38660	15980
22012	9056
12404	5052
20124	8212
27028	11164
31572	13036
56892	23596
5156	2028
18468	7584
14244	5772
10348	4124
13236	5368
10828	4364
13708	5604
20700	8500
18652	7676
20972	8636
11276	4588
10404	4152
12020	4860
13468	5484
20972	8636
12780	5140
565460	236380
278900	116500
87660	36480
41036	16968
12964	5232
32060	13280
330364	138032
21988	9044
53156	22028
11564	4632
31892	13196
156708	65404
69580	28940
2430	865
110276	45988
2040	670
11940	4820
99212	41356
95588	39844
2494	897
9956	4028
19348	7924
114612	47756
112772	47036
62316	25908
11132	4516
70820	29460
19428	7964
41028	16964
53492	22196
163380	68140
193948	80924
152700	63700
50220	20860
4464	1682
40508	16804
8090	3195
144596	60348
4902	1901
161636	67468
11844	4772
27092	11196
62172	25836
119252	49676
15276	6188
37676	15588
10924	4412
63828	26564
39724	16412
19716	8108
14868	6084
24068	9884
10548	4224
35420	14660
61916	25708
94156	39228
97796	40748
97796	40748
154052	64276
273812	114356
35548	14724
11180	4540
28124	11612
12244	4972
24420	10060
35196	14548
7972	3136
22164	9132
14204	5752
24500	10100
29444	12172
58756	24428
8372	3336
10812	4356
21004	8652
35084	14492
21492	8796
15716	6408
14812	6056
24548	10124
926660	387480
43876	18188
18964	7732
23084	9492
17900	7300
24404	10052
47308	19604
16188	6644
257028	107364
219924	91812
11540	4620
102796	42848
79836	33268
32020	13260
16028	6564
15948	6524
32892	13596
32892	13596
114788	47844
542788	226844
542788	226844
542788	226844
542788	226844
205628	85864
408788	170844
136076	56788
16156	6628
25484	10492
249172	104036
34956	14428
34956	14428
53156	22028
53156	22028
53156	22028
62172	25836
28124	11612
28124	11612
28124	11612
205644	85872
3654	1377
3265540	1365820
1344644	562272
3457100	1445900
1198220	501060
254348	106224
1177692	492496
927548	387824
362140	151320
263148	109924
253092	105696
230908	96404
257964	107732
101180	42140
246292	102896
9972	4036
47332	19616
241796	100948
3389756	1417728
150108	62604
1176140	491820
80980	33740
60732	25216
267532	111716
957012	400156
260500	108800
2895580	1211040
