100000	1000
10483	11264
3407	3619
7509	8178
14670	14020
14975	14436
13037	12955
15504	15258
5615	5733
11176	11573
3597	3854
12375	12351
14094	14252
16415	14893
8479	7743
3336	3235
16240	17432
11200	12031
18379	19057
9036	9910
6929	6524
16528	16201
11283	12129
17879	17895
5738	6264
9120	9223
2291	2115
133	140
5707	5387
5449	5469
19202	19423
14077	12708
13535	12445
4015	4039
17040	17476
14447	14556
4428	4138
14111	14709
12968	13840
19095	18602
16178	17559
2962	3181
4461	4366
10553	11277
7177	7636
4138	4496
10270	10605
5829	5754
1477	1531
4370	4301
11315	10745
7922	8288
9747	8831
19968	20397
11935	12886
13860	13644
9083	9823
16948	16368
17102	16507
8839	8456
6045	6646
7992	7541
12006	11862
3923	4094
17718	18307
5567	5058
6055	6027
16104	14515
17146	18273
9063	8405
15981	14384
8369	8622
19513	19918
5753	5685
19978	21016
17091	16395
5884	6352
38	38
2638	2881
12412	12467
5126	4882
14217	15580
13409	13646
19334	19153
16437	16726
10633	10088
17413	15724
8851	8905
5823	5780
1013	921
5430	5257
15328	16771
88	84
9448	9063
5515	5522
12051	11864
8712	9134
8772	9506
6420	6421
10815	9883
17495	18961
3736	4080
12571	13077
13565	14824
15011	13782
19132	20925
10213	10517
10674	11094
614	663
15762	16588
15632	15303
5486	5582
1266	1268
12004	10959
852	914
16616	16522
11574	12721
5802	5356
6980	7068
8324	8840
5912	5479
8419	8068
8236	8010
18159	17378
7386	6726
920	1007
9746	8771
383	365
17751	19226
4670	4595
7062	6962
12789	12902
15012	14625
12466	11328
2419	2237
16412	16307
17489	16238
6556	6923
4382	4789
7785	7427
18183	19180
17710	16913
13092	12851
5178	5285
3818	3650
7716	7638
10221	9630
14137	14215
13526	12565
8516	9011
16797	15475
13784	12491
9444	10189
13885	15038
9231	9187
15925	17232
8131	7717
617	604
2394	2270
11957	11363
7680	7923
16620	17028
13294	14418
7401	6735
16065	17592
12020	11624
405	366
558	558
6147	6398
15129	13816
11220	11737
10278	10027
6145	6067
16732	18156
1833	1704
2882	2780
15150	16093
16841	16292
19180	18073
14329	14625
5591	5524
2262	2174
1456	1509
10479	10701
16547	15543
16932	16212
640	663
4689	4820
4628	4469
13531	13251
9892	9782
3637	3376
13446	14537
6127	6393
19387	18091
924	1007
4973	4719
2623	2731
8001	7361
18450	18781
8216	7485
10194	9681
136	129
7402	7447
15186	14375
14138	14861
19040	18704
2307	2223
1949	1925
3346	3543
12688	12981
231	253
8855	9354
18338	17008
6300	6065
11561	12008
6550	6213
4567	4830
5279	4938
17412	17459
15693	16362
14733	14750
11952	12605
11616	11942
4295	4622
5927	6006
6655	6941
17646	17838
16040	16131
7186	6518
4758	4877
10888	11131
2577	2421
584	595
6105	6092
17908	18411
16219	16526
13224	12241
3144	3340
14848	14182
9304	9390
13824	13642
11066	10644
4356	4466
2454	2603
10597	10392
7010	7346
2213	2234
2397	2395
17463	17634
6027	6501
6862	6445
16302	16564
14528	13834
4445	4588
9590	10163
4196	3926
3987	3998
3255	3314
2366	2390
1908	1856
6862	6930
17876	17224
8434	8160
12398	12400
13146	12125
7241	7655
10245	10318
8251	9013
14408	13327
12226	11594
7863	7908
7454	7858
11347	10983
18026	18153
6704	6887
5557	5399
994	960
12929	12768
5508	5096
9751	9668
9060	8968
9733	9286
8622	8823
4630	5024
3571	3718
13068	12738
8790	9113
19516	17931
11124	10972
13158	13488
1101	1150
111	102
339	332
2813	2796
18190	16837
14222	14485
5353	5471
9621	10015
6493	6774
4467	4878
6679	6273
5774	5822
11049	11833
9456	9377
16842	16007
1375	1336
10858	10170
6612	6281
10615	11622
4826	5176
19301	20988
8773	9063
13565	13178
18381	17630
16773	17941
12709	13622
16200	15146
7100	7554
12577	12055
4912	4613
17769	16116
5066	4613
19995	21495
6905	7256
13920	14024
7374	7120
14333	15524
10674	10670
12469	11541
1280	1208
11675	11355
18402	19585
10104	9217
17611	17452
2773	2779
12590	12244
13958	15347
8410	8243
7475	7508
5395	5097
19876	18521
14509	15819
9449	8774
13159	14418
12291	12593
18594	19647
8723	8278
701	652
1020	980
11246	11509
16407	17117
3775	3521
16115	15894
3203	3112
9607	8734
9300	8558
17110	17881
3210	3342
17662	17426
19481	17669
221	221
4264	3937
8576	8743
9961	9075
14505	15538
6778	7189
16508	16607
3255	3323
19430	18143
4794	5065
3147	3040
2321	2180
19499	20323
9945	10685
8399	9099
11036	10119
10774	11468
9093	9830
8119	8643
5724	5190
18770	18158
13922	13656
18839	19054
14058	15079
466	506
14418	14043
9298	10122
2461	2248
10997	11989
6319	6792
9714	10086
8004	7929
15554	15029
10445	10762
5227	5739
9768	9524
18251	18379
17691	19221
7229	6865
5612	6035
13419	12226
6240	6081
177	169
18542	19458
8873	9604
9407	8516
8473	7692
2181	2079
6933	7280
4725	5176
6098	6580
14306	13574
14728	15025
6456	6335
8738	8897
6897	7135
13094	12044
9847	10055
4283	4408
18167	17513
16476	18039
19422	20129
10488	10923
15027	14504
15715	17026
6352	6297
15197	14642
14303	15359
5245	5263
7437	7286
3194	2944
2893	3120
9941	10587
1100	1042
14566	15535
8972	9594
16161	15226
13823	13275
18629	19585
13442	13248
13665	14114
14931	14896
15075	16452
3985	3846
14750	14234
7663	7271
14456	14993
8852	8085
2766	2524
8434	9050
9956	10053
7680	7115
8108	7578
6998	7596
5329	5306
8869	9212
17186	18251
16209	16850
3254	3302
4781	4707
14592	14857
16817	18186
8752	9095
9625	8840
10787	11764
221	215
12201	11866
15145	16200
11185	10481
2744	2781
12275	13203
5074	4913
15993	16875
5823	5685
875	930
15686	14670
12214	12566
13927	12547
14744	16109
4114	4067
14186	12956
5826	5335
18058	18266
2841	2838
11460	11759
10424	11450
17181	16208
18299	18123
17404	16836
8592	8559
7478	7075
466	456
17524	15966
12166	12166
1602	1449
2065	2106
6838	7391
3124	3227
6779	6685
19941	20820
7354	7730
19467	19210
16804	15569
694	650
8318	9142
13304	13546
234	256
15396	16447
462	496
11138	11241
16931	15964
16811	15815
19291	18435
16071	15739
13776	13879
19009	18917
4197	4171
17540	18277
7996	8504
12469	13710
2004	1999
1292	1294
19451	20384
3023	3040
3480	3220
5517	6064
15534	14218
3189	3142
19342	17658
16976	15676
5116	4988
11457	11528
16379	16862
5176	4910
1336	1407
2733	2623
9744	10573
5087	5411
12863	12321
17417	17654
10630	9667
15645	14295
7896	8003
449	411
17569	18780
579	583
1844	1662
17977	19157
2543	2513
12313	12311
109	111
10002	9236
10120	9191
13446	14781
4552	4367
15300	14223
18861	19190
14598	15119
1397	1425
16708	18115
4810	5212
2834	2728
3243	3005
3197	2996
8373	7701
11294	10910
9966	9781
5976	5619
17614	16210
19284	19562
779	825
566	520
14975	15474
13435	14572
3128	3066
11090	11561
124	116
6100	5962
1814	1665
5441	5826
545	574
17176	17976
12176	11581
13459	12459
16152	17492
17629	18730
2203	2358
5617	5680
16690	17287
17520	16583
8022	7465
19294	19201
19883	19806
16314	15151
2601	2500
10584	10397
1096	1167
19101	19158
2151	1999
18487	19810
15609	15571
15542	15359
9485	10264
4202	3967
17465	18341
10202	10563
10467	10481
9566	9540
875	893
2810	2995
14231	14799
1144	1147
14716	13871
2625	2556
18727	17325
247	235
16902	17922
1106	1194
2453	2384
19317	20172
15432	14688
9196	9998
15826	15401
12901	12859
17232	18889
13896	14644
18901	18870
276	303
12819	12151
1207	1294
9667	10467
11561	10860
12753	12040
9926	10192
1831	1928
11654	11804
11636	10697
8699	8573
19096	19125
16486	16828
15151	16636
4118	4412
3127	3439
3711	3924
1472	1453
13267	14127
11568	11868
13503	13130
6095	5521
16101	17478
18998	18248
12177	11437
3183	2990
12314	11320
8744	8768
2327	2344
4954	5240
6363	6802
145	154
19438	18476
18807	20286
12042	12451
7873	7184
591	635
9685	9875
17059	17941
4662	5009
11722	12070
16655	17680
15229	14816
12408	12464
12618	12399
10951	11973
2920	3157
7670	7041
725	693
3596	3652
17359	15973
17515	15830
18347	18920
5110	5293
6517	6126
12989	12811
5540	5309
70	63
2873	3010
11418	10942
3956	4265
15113	15408
1395	1531
10010	10782
19593	20756
9651	9089
3862	4046
7202	6818
13192	12684
1254	1210
4942	5291
13565	14880
7573	7089
6058	5534
2337	2375
9762	8944
4777	5247
7476	6971
16880	16733
19187	20948
19036	17473
13153	12052
5620	5240
17977	17428
3770	3407
2969	3240
5443	5783
2475	2618
5199	5198
6158	6565
10282	10376
19301	20666
5150	4790
10492	11236
17074	17084
16755	17154
13122	13099
9577	9449
13660	14627
837	828
10133	10949
10147	9165
15271	15795
1338	1269
12776	13044
5638	5259
6311	5869
2935	2810
11685	12795
8214	8649
15565	16718
10990	11375
16657	18021
16126	17074
18947	19169
8506	8845
13421	12900
16185	17177
7342	6694
4383	4791
5650	5271
14727	14498
1068	970
19564	18028
12914	12257
7668	7577
757	732
5722	6066
13532	14076
9302	9951
10044	10142
16139	16076
694	709
16718	18104
11021	10387
4558	4615
14722	15895
14947	15740
17102	16809
3351	3173
15323	15721
15884	15349
3904	3898
873	931
16663	16319
18916	18163
14460	13895
9261	9571
18372	16535
12341	13041
1975	1812
7546	7697
8908	8746
7408	7720
2560	2328
10189	9683
4307	4409
1937	1977
6303	6068
13711	13822
10133	10688
17117	16223
14678	13504
11444	11270
5419	5615
12548	13576
14945	14954
1176	1117
3428	3510
12417	12272
14007	14207
13057	13519
1325	1242
16407	17535
2088	2295
2754	2626
17388	18348
16691	16724
16926	15243
4628	4240
13374	12331
19054	17792
19230	20437
7452	6930
5182	4978
7530	7331
6662	6446
13641	13826
11391	11818
4914	4555
3822	3898
16020	14778
8238	8696
11676	11898
18281	19307
9312	9461
9651	9973
1288	1357
17091	17539
11609	12570
18542	17460
15039	14865
8353	8316
17431	18937
12155	11989
13782	12438
7206	7880
3705	4048
15312	15936
14410	14380
1098	1036
4556	4995
13212	12709
16676	16140
12162	11113
1092	1177
808	774
6132	6409
4413	4510
17791	17640
13463	13586
18584	19709
7779	7659
11687	10587
11206	11173
5843	5357
16598	16135
18797	18955
17166	17872
10391	10671
658	595
12624	12788
14559	14642
12606	13155
11822	12327
5270	4804
5669	5676
1418	1512
16729	17616
1072	1025
2501	2439
15114	15284
12256	11325
4119	4409
10909	10534
14486	14153
10948	9884
3539	3311
7913	8477
9839	10674
646	666
11408	11945
18426	19969
3778	3425
10461	9498
6952	6763
11519	11765
1316	1252
15516	16627
8638	8728
14717	13338
8244	8676
399	438
16735	15160
6008	6214
14621	13733
13787	14877
8736	8319
6474	5844
6131	6003
10211	10419
14020	13756
11432	12327
4659	4761
4959	4786
19509	17934
12130	12358
14277	15642
11396	12069
19080	20852
8770	8698
15995	15387
8609	9147
10556	9856
2249	2189
16049	17139
2717	2966
11384	10975
54	51
6988	7001
10620	10703
13233	12183
11008	11535
1373	1377
12057	12065
9667	9799
16249	14630
4605	4427
9579	9084
17973	18208
9963	9639
17520	19036
1	1
18840	17013
8732	9359
18180	18992
12584	11470
3878	4079
18859	17443
13905	13877
1537	1521
12452	12553
9170	9526
18712	17167
15501	15910
3074	2928
17572	18412
6917	6230
195	191
19511	17767
13581	14399
19054	20192
1430	1336
9415	9965
17655	18732
18931	19385
18129	17033
639	672
19073	18893
10590	11129
19644	19187
17461	18242
15495	14627
15682	14525
14774	15872
5962	5669
10879	10356
8414	9214
18842	18858
1513	1516
14807	15308
10809	10505
10204	9319
3559	3602
826	862
5828	5498
15275	16308
13283	12785
7818	8409
19677	19704
9550	8703
16068	16842
11268	11524
6600	6731
73	73
7904	7779
13633	13221
18902	19409
17239	17945
8945	9218
5681	5202
1247	1257
12334	12165
15167	14820
17663	17988
649	673
15712	15348
17083	18514
18002	18209
4928	4969
11030	10919
7391	7951
18087	16640
